1,1,353,31,96,46,1,3,1
1,1,353,31,96,46,1,3,1
2,1,358,30,95,47,1,3,1
3,1,361,30,96,48,1,3,1
4,1,365,31,95,49,1,3,1
5,1,368,32,97,49,1,3,1
6,1,374,31,96,51,1,3,1
7,1,377,32,98,51,1,3,1
8,1,382,33,98,51,1,3,1
9,1,385,32,102,54,1,3,1
10,1,389,34,101,54,1,3,1
11,1,395,34,101,54,1,3,1
12,1,399,36,102,54,1,3,1
13,1,404,37,102,55,1,3,1
14,1,408,37,104,57,1,3,1
15,1,413,38,107,58,1,3,1
16,1,417,38,108,59,1,3,1
17,1,422,39,108,59,1,3,1
18,1,424,41,112,59,1,3,1
19,1,431,43,111,59,1,3,1
20,1,437,42,112,62,1,3,1
21,1,442,44,112,62,1,3,1
22,1,448,44,112,63,1,3,1
23,1,454,46,113,63,1,3,1
24,1,460,46,113,65,1,3,1
25,1,465,48,115,65,1,3,1
26,1,471,50,116,65,1,3,1
27,1,475,51,119,67,1,3,1
28,1,480,52,121,68,1,3,1
29,1,486,54,122,68,1,3,1
30,1,492,56,123,68,1,3,1
31,1,498,58,123,68,1,3,1
32,1,504,59,125,70,1,3,1
33,1,511,60,126,71,1,3,1
34,1,518,62,126,72,1,3,1
35,1,524,64,126,73,1,3,1
36,1,531,66,127,73,1,3,1
37,1,538,67,129,75,1,3,1
38,1,544,69,130,75,1,3,1
39,1,551,71,131,76,1,3,1
40,1,559,73,131,77,1,3,1
41,1,567,75,132,77,1,3,1
42,1,576,77,132,78,1,3,1
43,1,582,79,133,80,1,3,1
44,1,590,81,133,80,1,3,1
45,1,593,84,140,81,1,3,1
46,1,601,86,140,82,1,3,1
47,1,609,88,141,83,1,3,1
48,1,616,91,143,83,1,3,1
49,1,624,94,144,85,1,3,1
50,1,632,94,144,88,1,3,1
51,1,640,98,145,89,1,3,1
52,1,648,101,145,90,1,3,1
53,1,656,104,147,91,1,3,1
54,1,666,108,147,91,1,3,1
55,1,673,111,148,92,1,3,1
56,1,683,114,149,93,1,3,1
57,1,693,117,148,94,1,3,1
58,1,703,120,146,95,1,3,1
59,1,711,123,147,96,1,3,1
60,1,720,127,150,97,1,3,1
61,1,728,128,152,100,1,3,1
62,1,738,133,151,99,1,3,1
63,1,746,136,151,100,1,3,1
64,1,755,140,151,101,1,3,1
65,1,765,144,151,101,1,3,1
66,1,775,148,151,102,1,3,1
67,1,786,151,151,103,1,3,1
68,1,794,155,152,104,1,3,1
69,1,805,160,149,104,1,3,1
70,1,814,163,150,106,1,3,1
71,1,824,168,150,106,1,3,1
72,1,834,172,150,107,1,3,1
73,1,843,176,151,108,1,3,1
74,1,853,181,151,108,1,3,1
75,1,863,184,150,110,1,3,1
76,1,873,189,149,110,1,3,1
77,1,884,193,149,111,1,3,1
78,1,894,198,149,111,1,3,1
79,1,904,202,149,112,1,3,1
80,1,914,207,149,112,1,3,1
81,1,924,211,149,112,1,3,1
82,1,935,216,149,113,1,3,1
83,1,945,220,149,114,1,3,1
84,1,956,225,149,114,1,3,1
85,1,965,230,149,114,1,3,1
86,1,974,235,151,115,1,3,1
87,1,985,240,151,115,1,3,1
88,1,995,244,151,115,1,3,1
89,1,1006,249,151,115,1,3,1
90,1,1015,252,151,115,1,3,1
1,2,899,65,86,49,1,3,1
2,2,888,63,89,48,1,3,1
3,2,880,59,88,47,1,3,1
4,2,871,55,88,48,1,3,1
5,2,862,53,88,47,1,3,1
6,2,853,48,89,48,1,3,1
7,2,842,45,88,48,1,3,1
8,2,834,43,88,48,1,3,1
9,2,824,40,88,47,1,3,1
10,2,816,37,88,47,1,3,1
11,2,806,33,90,48,1,3,1
12,2,795,30,90,48,1,3,1
13,2,786,28,93,46,1,3,1
14,2,777,28,93,43,1,3,1
15,2,768,28,89,39,1,3,1
16,2,760,28,88,37,1,3,1
17,2,751,28,89,34,1,3,1
18,2,741,28,90,30,1,3,1
19,2,732,28,89,27,1,3,1
20,2,725,28,86,24,1,3,1
21,2,717,28,84,21,1,3,1
22,2,711,28,81,19,1,3,1
23,2,721,28,63,15,1,3,1
24,2,721,28,54,12,1,3,1
25,2,720,28,53,10,1,3,1
26,2,724,28,41,7,1,3,1
27,2,714,28,41,6,1,3,1
28,2,705,28,13,3,1,3,1
1,3,1005,58,69,76,1,8,1
2,3,1000,55,69,76,1,8,1
3,3,998,54,69,75,1,8,1
4,3,993,54,69,75,1,8,1
5,3,991,53,68,75,1,8,1
6,3,987,52,68,75,1,8,1
7,3,983,50,68,75,1,8,1
8,3,980,49,68,75,1,8,1
9,3,976,48,68,74,1,8,1
10,3,972,46,68,74,1,8,1
11,3,968,45,68,74,1,8,1
12,3,964,44,68,74,1,8,1
13,3,959,40,68,75,1,8,1
14,3,955,39,69,75,1,8,1
15,3,951,37,73,77,1,8,1
16,3,948,36,76,78,1,8,1
17,3,944,35,80,79,1,8,1
18,3,941,33,83,83,1,8,1
19,3,937,31,87,90,1,8,1
20,3,934,30,90,89,1,8,1
21,3,928,29,96,89,1,8,1
22,3,927,28,97,88,1,8,1
23,3,923,28,101,87,1,8,1
24,3,919,28,105,92,1,8,1
25,3,913,28,111,93,1,8,1
26,3,910,28,114,93,1,8,1
27,3,907,28,117,91,1,8,1
28,3,903,28,121,90,1,8,1
29,3,900,28,124,87,1,8,1
30,3,896,28,128,90,1,8,1
31,3,892,28,132,91,1,8,1
32,3,889,28,135,91,1,8,1
33,3,884,28,140,89,1,8,1
34,3,880,28,144,88,1,8,1
35,3,877,28,147,86,1,8,1
36,3,872,28,152,84,1,8,1
37,3,868,28,156,82,1,8,1
38,3,863,28,161,80,1,8,1
39,3,861,28,163,78,1,8,1
40,3,857,28,167,77,1,8,1
41,3,854,28,169,76,1,8,1
42,3,849,28,169,74,1,8,1
43,3,846,28,170,72,1,8,1
44,3,841,28,169,70,1,8,1
45,3,837,28,172,69,1,8,1
46,3,833,28,172,67,1,8,1
47,3,831,28,170,65,1,8,1
48,3,827,28,169,63,1,8,1
49,3,823,28,169,58,1,8,1
50,3,819,28,169,56,1,8,1
51,3,816,28,169,54,1,8,1
52,3,812,28,168,52,1,8,1
53,3,808,28,168,51,1,8,1
54,3,804,28,168,49,1,8,1
55,3,801,28,168,48,1,8,1
56,3,800,28,164,47,1,8,1
57,3,799,28,162,47,1,8,1
58,3,801,28,155,46,1,8,1
59,3,798,27,155,47,1,8,1
60,3,794,28,153,45,1,8,1
61,3,787,28,153,43,1,8,1
62,3,783,28,153,41,1,8,1
63,3,776,28,153,40,1,8,1
64,3,784,28,144,40,1,8,1
65,3,783,28,141,38,1,8,1
66,3,788,27,132,37,1,8,1
67,3,813,28,103,33,1,8,1
68,3,813,28,99,33,1,8,1
69,3,809,28,98,31,1,8,1
70,3,809,28,95,29,1,8,1
71,3,805,28,94,28,1,8,1
72,3,803,28,93,26,1,8,1
73,3,799,28,93,25,1,8,1
74,3,801,28,87,24,1,8,1
75,3,797,28,87,22,1,8,1
76,3,793,28,87,21,1,8,1
77,3,788,27,86,21,1,8,1
78,3,784,28,84,19,1,8,1
79,3,780,28,82,17,1,8,1
80,3,799,28,59,15,1,8,1
81,3,795,28,59,14,1,8,1
82,3,790,28,60,13,1,8,1
83,3,786,28,60,11,1,8,1
84,3,783,28,58,10,1,8,1
85,3,780,28,56,9,1,8,1
86,3,775,28,56,8,1,8,1
87,3,788,27,33,6,1,8,1
88,3,785,27,33,6,1,8,1
89,3,783,28,33,4,1,8,1
39,4,1019,127,80,52,1,3,1
40,4,1009,122,80,52,1,3,1
41,4,1000,119,79,51,1,3,1
42,4,992,115,78,51,1,3,1
43,4,984,111,78,50,1,3,1
44,4,975,108,78,50,1,3,1
45,4,963,103,80,50,1,3,1
46,4,953,98,81,52,1,3,1
47,4,943,95,81,51,1,3,1
48,4,935,92,78,50,1,3,1
49,4,928,89,74,48,1,3,1
50,4,919,86,73,47,1,3,1
51,4,911,81,73,46,1,3,1
52,4,898,79,76,44,1,3,1
53,4,889,72,77,47,1,3,1
54,4,880,70,77,46,1,3,1
55,4,872,65,77,47,1,3,1
56,4,862,62,76,47,1,3,1
57,4,853,58,75,46,1,3,1
58,4,845,55,75,45,1,3,1
59,4,832,53,78,44,1,3,1
60,4,824,49,78,44,1,3,1
61,4,816,47,77,43,1,3,1
62,4,805,44,76,43,1,3,1
63,4,796,41,76,43,1,3,1
64,4,787,38,77,42,1,3,1
65,4,777,35,78,42,1,3,1
66,4,768,32,79,42,1,3,1
67,4,759,30,78,40,1,3,1
68,4,752,28,76,39,1,3,1
69,4,742,28,74,36,1,3,1
70,4,733,28,74,34,1,3,1
71,4,720,28,80,30,1,3,1
72,4,717,28,71,28,1,3,1
73,4,704,28,75,26,1,3,1
74,4,695,28,74,21,1,3,1
75,4,688,28,77,19,1,3,1
76,4,682,28,70,16,1,3,1
77,4,677,28,67,14,1,3,1
78,4,677,28,52,12,1,3,1
79,4,668,28,52,10,1,3,1
80,4,667,28,47,7,1,3,1
81,4,680,28,26,5,1,3,1
82,4,671,28,15,4,1,3,1
53,5,1021,33,26,19,1,3,1
54,5,1020,32,26,19,1,3,1
55,5,1018,32,26,19,1,3,1
56,5,1017,32,26,19,1,3,1
57,5,1015,31,26,19,1,3,1
58,5,1014,31,26,19,1,3,1
59,5,1012,31,26,19,1,3,1
60,5,1011,31,26,19,1,3,1
61,5,1010,31,26,19,1,3,1
62,5,1009,31,26,19,1,3,1
63,5,1008,31,26,19,1,3,1
64,5,1008,30,26,19,1,3,1
65,5,1008,30,26,19,1,3,1
66,5,1007,30,26,19,1,3,1
67,5,1006,30,26,19,1,3,1
68,5,1004,30,26,19,1,3,1
69,5,1002,30,26,19,1,3,1
70,5,1001,30,26,19,1,3,1
71,5,1000,30,26,19,1,3,1
72,5,1000,30,26,19,1,3,1
73,5,999,29,26,19,1,3,1
74,5,998,29,26,19,1,3,1
75,5,996,29,28,18,1,3,1
76,5,995,29,29,18,1,3,1
77,5,994,29,30,19,1,3,1
78,5,993,29,31,19,1,3,1
79,5,992,29,32,19,1,3,1
80,5,991,29,33,19,1,3,1
81,5,991,29,33,19,1,3,1
82,5,990,29,34,18,1,3,1
83,5,988,29,36,18,1,3,1
84,5,987,28,37,18,1,3,1
85,5,987,28,37,19,1,3,1
86,5,986,28,38,20,1,3,1
87,5,984,28,38,20,1,3,1
88,5,983,29,38,19,1,3,1
89,5,982,29,38,18,1,3,1
90,5,981,29,38,19,1,3,1
91,5,982,29,37,19,1,3,1
92,5,981,29,37,19,1,3,1
93,5,982,29,35,19,1,3,1
94,5,982,29,35,19,1,3,1
95,5,981,29,35,19,1,3,1
96,5,979,29,36,19,1,3,1
97,5,978,29,36,19,1,3,1
98,5,977,29,36,19,1,3,1
99,5,976,29,36,19,1,3,1
100,5,976,29,36,19,1,3,1
101,5,976,29,36,19,1,3,1
102,5,976,29,36,19,1,3,1
103,5,974,29,36,19,1,3,1
104,5,973,29,36,19,1,3,1
105,5,972,29,36,19,1,3,1
106,5,972,29,36,19,1,3,1
107,5,972,29,36,19,1,3,1
108,5,971,29,37,19,1,3,1
109,5,971,29,37,19,1,3,1
110,5,969,29,38,19,1,3,1
111,5,968,29,39,19,1,3,1
112,5,967,29,39,19,1,3,1
113,5,966,29,39,19,1,3,1
114,5,965,28,39,19,1,3,1
115,5,965,28,39,19,1,3,1
116,5,964,28,39,19,1,3,1
117,5,964,28,39,19,1,3,1
118,5,963,28,39,19,1,3,1
119,5,962,28,39,19,1,3,1
120,5,961,28,39,18,1,3,1
121,5,960,28,39,18,1,3,1
122,5,960,28,39,19,1,3,1
123,5,959,28,39,18,1,3,1
124,5,959,28,39,18,1,3,1
125,5,959,28,39,18,1,3,1
126,5,959,28,39,18,1,3,1
127,5,958,28,39,17,1,3,1
128,5,958,28,38,17,1,3,1
129,5,957,28,38,16,1,3,1
130,5,956,28,37,16,1,3,1
131,5,956,28,37,16,1,3,1
132,5,956,28,37,16,1,3,1
133,5,955,28,37,16,1,3,1
134,5,955,28,37,16,1,3,1
135,5,954,28,38,16,1,3,1
136,5,954,28,38,16,1,3,1
137,5,954,28,38,16,1,3,1
138,5,953,28,38,16,1,3,1
139,5,953,28,38,16,1,3,1
140,5,952,28,39,16,1,3,1
141,5,952,28,39,16,1,3,1
142,5,952,28,39,16,1,3,1
143,5,952,28,39,16,1,3,1
144,5,951,28,39,16,1,3,1
145,5,951,28,39,16,1,3,1
146,5,951,28,38,15,1,3,1
147,5,950,28,38,15,1,3,1
148,5,949,28,38,15,1,3,1
149,5,949,28,38,15,1,3,1
150,5,948,28,39,15,1,3,1
151,5,948,28,39,15,1,3,1
152,5,948,28,39,15,1,3,1
153,5,948,28,39,15,1,3,1
154,5,947,28,39,15,1,3,1
155,5,947,28,39,15,1,3,1
156,5,946,28,39,14,1,3,1
157,5,946,28,39,14,1,3,1
158,5,946,28,39,14,1,3,1
159,5,946,28,39,14,1,3,1
160,5,946,28,39,14,1,3,1
161,5,945,28,39,14,1,3,1
162,5,945,28,39,14,1,3,1
163,5,945,28,39,14,1,3,1
164,5,945,28,39,14,1,3,1
165,5,945,28,39,14,1,3,1
166,5,945,28,39,14,1,3,1
167,5,945,28,39,14,1,3,1
168,5,945,28,39,14,1,3,1
169,5,945,28,39,14,1,3,1
170,5,944,28,39,14,1,3,1
171,5,944,28,39,13,1,3,1
172,5,944,28,39,13,1,3,1
173,5,944,28,39,13,1,3,1
174,5,944,28,39,13,1,3,1
175,5,944,28,39,13,1,3,1
176,5,944,28,39,13,1,3,1
177,5,944,28,39,13,1,3,1
178,5,944,28,39,13,1,3,1
179,5,944,28,39,13,1,3,1
180,5,944,28,39,13,1,3,1
181,5,944,28,39,13,1,3,1
182,5,943,28,39,12,1,3,1
183,5,943,28,39,12,1,3,1
184,5,943,28,39,12,1,3,1
185,5,943,28,39,12,1,3,1
186,5,943,28,39,12,1,3,1
187,5,943,28,39,12,1,3,1
188,5,942,28,39,12,1,3,1
189,5,941,28,36,13,1,3,1
190,5,940,28,37,13,1,3,1
191,5,940,28,37,13,1,3,1
192,5,940,28,37,13,1,3,1
193,5,940,28,37,13,1,3,1
194,5,940,28,37,13,1,3,1
195,5,940,28,37,13,1,3,1
196,5,940,28,37,13,1,3,1
197,5,940,28,37,13,1,3,1
198,5,940,28,37,13,1,3,1
199,5,939,28,37,13,1,3,1
200,5,939,28,37,13,1,3,1
201,5,939,28,37,13,1,3,1
202,5,939,28,37,13,1,3,1
203,5,939,28,37,13,1,3,1
204,5,939,28,37,13,1,3,1
205,5,939,28,37,13,1,3,1
206,5,939,28,37,13,1,3,1
207,5,939,28,37,13,1,3,1
208,5,939,28,37,13,1,3,1
209,5,939,28,37,13,1,3,1
210,5,939,28,37,13,1,3,1
211,5,939,28,37,13,1,3,1
212,5,939,28,37,13,1,3,1
213,5,939,28,37,13,1,3,1
214,5,939,28,37,13,1,3,1
215,5,938,28,37,13,1,3,1
216,5,938,28,37,13,1,3,1
217,5,938,28,37,13,1,3,1
218,5,938,28,37,13,1,3,1
219,5,938,28,37,13,1,3,1
220,5,938,28,37,13,1,3,1
221,5,938,28,37,13,1,3,1
222,5,938,28,37,13,1,3,1
223,5,938,28,37,13,1,3,1
224,5,938,28,37,13,1,3,1
225,5,935,28,40,13,1,3,1
226,5,934,28,40,12,1,3,1
227,5,934,28,40,12,1,3,1
228,5,934,28,40,12,1,3,1
229,5,934,28,40,12,1,3,1
230,5,934,28,40,12,1,3,1
231,5,933,28,40,12,1,3,1
232,5,933,28,40,12,1,3,1
233,5,933,28,40,12,1,3,1
234,5,933,28,40,12,1,3,1
235,5,933,28,40,12,1,3,1
236,5,933,28,40,12,1,3,1
237,5,933,28,40,12,1,3,1
238,5,933,28,40,12,1,3,1
239,5,933,28,40,12,1,3,1
240,5,933,28,40,12,1,3,1
241,5,933,28,40,12,1,3,1
242,5,933,28,40,12,1,3,1
243,5,933,28,40,12,1,3,1
244,5,933,28,40,12,1,3,1
245,5,933,28,40,12,1,3,1
246,5,933,28,40,12,1,3,1
247,5,933,28,40,12,1,3,1
248,5,933,28,40,12,1,3,1
249,5,933,28,40,12,1,3,1
250,5,933,28,40,12,1,3,1
251,5,933,28,40,12,1,3,1
252,5,932,28,40,12,1,3,1
253,5,932,28,40,12,1,3,1
254,5,932,28,40,12,1,3,1
255,5,932,28,40,12,1,3,1
256,5,932,28,40,12,1,3,1
257,5,932,28,40,12,1,3,1
258,5,932,28,40,12,1,3,1
259,5,932,28,40,12,1,3,1
260,5,932,28,40,12,1,3,1
261,5,932,28,40,12,1,3,1
262,5,932,28,40,12,1,3,1
263,5,932,28,40,12,1,3,1
264,5,932,28,40,12,1,3,1
265,5,932,28,40,12,1,3,1
266,5,932,28,40,12,1,3,1
267,5,932,28,40,12,1,3,1
268,5,932,28,40,12,1,3,1
269,5,932,28,40,12,1,3,1
270,5,932,28,40,12,1,3,1
271,5,932,28,40,12,1,3,1
272,5,932,28,40,12,1,3,1
273,5,932,28,40,12,1,3,1
274,5,932,28,40,12,1,3,1
275,5,932,28,40,12,1,3,1
276,5,932,28,40,12,1,3,1
277,5,932,28,40,12,1,3,1
278,5,932,28,40,12,1,3,1
279,5,932,28,40,12,1,3,1
280,5,932,28,40,12,1,3,1
281,5,932,28,40,12,1,3,1
282,5,932,28,40,12,1,3,1
283,5,932,28,40,12,1,3,1
284,5,932,28,40,12,1,3,1
285,5,932,28,40,12,1,3,1
286,5,932,28,40,12,1,3,1
287,5,932,28,40,12,1,3,1
288,5,932,28,40,12,1,3,1
289,5,932,28,40,12,1,3,1
290,5,932,28,40,12,1,3,1
291,5,932,28,40,12,1,3,1
292,5,932,28,40,12,1,3,1
293,5,932,28,40,12,1,3,1
294,5,932,28,40,12,1,3,1
295,5,932,28,40,12,1,3,1
296,5,932,28,40,12,1,3,1
297,5,932,28,40,12,1,3,1
298,5,932,28,40,12,1,3,1
299,5,932,28,40,12,1,3,1
300,5,932,28,40,12,1,3,1
301,5,932,28,40,12,1,3,1
302,5,932,28,40,12,1,3,1
303,5,932,28,40,12,1,3,1
304,5,932,28,40,12,1,3,1
305,5,932,28,40,12,1,3,1
306,5,932,28,40,12,1,3,1
307,5,932,28,40,12,1,3,1
308,5,932,28,40,12,1,3,1
309,5,932,28,40,12,1,3,1
310,5,932,28,40,12,1,3,1
311,5,932,28,40,12,1,3,1
312,5,932,28,40,12,1,3,1
313,5,932,28,40,12,1,3,1
314,5,932,28,40,12,1,3,1
315,5,932,28,40,12,1,3,1
316,5,932,28,40,12,1,3,1
317,5,932,28,40,12,1,3,1
318,5,932,28,40,12,1,3,1
319,5,932,28,40,12,1,3,1
320,5,932,28,40,12,1,3,1
321,5,932,28,40,12,1,3,1
322,5,932,28,40,12,1,3,1
323,5,932,28,40,12,1,3,1
324,5,932,28,40,12,1,3,1
325,5,932,28,40,12,1,3,1
326,5,932,28,40,12,1,3,1
327,5,932,28,40,12,1,3,1
328,5,932,28,40,12,1,3,1
329,5,932,28,40,12,1,3,1
330,5,932,28,40,12,1,3,1
331,5,932,28,40,12,1,3,1
332,5,932,28,40,12,1,3,1
333,5,932,28,40,12,1,3,1
334,5,932,28,40,12,1,3,1
335,5,932,28,40,12,1,3,1
336,5,932,28,40,12,1,3,1
337,5,932,28,40,12,1,3,1
338,5,932,28,40,12,1,3,1
339,5,932,28,40,12,1,3,1
340,5,932,28,40,12,1,3,1
341,5,932,28,40,12,1,3,1
87,6,1011,111,73,46,1,3,1
88,6,1004,109,73,46,1,3,1
89,6,994,104,74,46,1,3,1
90,6,987,101,74,46,1,3,1
91,6,977,96,75,46,1,3,1
92,6,969,95,74,44,1,3,1
93,6,960,90,74,44,1,3,1
94,6,952,87,73,44,1,3,1
95,6,944,83,73,44,1,3,1
96,6,936,79,73,44,1,3,1
97,6,927,74,75,45,1,3,1
98,6,919,71,74,45,1,3,1
99,6,909,67,76,45,1,3,1
100,6,898,63,78,45,1,3,1
101,6,889,61,77,44,1,3,1
102,6,881,57,78,44,1,3,1
103,6,873,54,77,44,1,3,1
104,6,864,51,77,43,1,3,1
105,6,855,47,77,43,1,3,1
106,6,847,44,75,43,1,3,1
107,6,838,41,75,43,1,3,1
108,6,828,38,76,43,1,3,1
109,6,819,35,77,43,1,3,1
110,6,810,32,76,42,1,3,1
111,6,800,30,77,41,1,3,1
112,6,792,28,78,39,1,3,1
113,6,783,28,74,37,1,3,1
114,6,775,28,73,34,1,3,1
115,6,767,28,73,31,1,3,1
116,6,758,28,74,28,1,3,1
117,6,749,28,75,25,1,3,1
118,6,743,28,73,22,1,3,1
119,6,735,28,74,20,1,3,1
120,6,726,27,74,18,1,3,1
121,6,723,28,68,14,1,3,1
122,6,727,28,56,11,1,3,1
123,6,726,28,42,9,1,3,1
124,6,724,28,36,6,1,3,1
125,6,727,28,20,4,1,3,1
95,7,1018,97,73,43,1,3,1
96,7,1011,95,76,44,1,3,1
97,7,1005,91,77,44,1,3,1
98,7,998,90,79,44,1,3,1
99,7,993,87,79,44,1,3,1
100,7,990,85,79,44,1,3,1
101,7,985,83,79,44,1,3,1
102,7,981,81,79,44,1,3,1
103,7,976,79,79,44,1,3,1
104,7,971,77,79,44,1,3,1
105,7,967,75,79,44,1,3,1
106,7,962,75,79,42,1,3,1
107,7,959,73,78,41,1,3,1
108,7,954,72,78,40,1,3,1
109,7,950,70,78,40,1,3,1
110,7,945,68,78,40,1,3,1
111,7,941,66,78,40,1,3,1
112,7,936,63,80,42,1,3,1
113,7,931,62,78,41,1,3,1
114,7,927,60,78,41,1,3,1
115,7,922,58,78,41,1,3,1
116,7,918,56,78,42,1,3,1
117,7,913,55,78,41,1,3,1
118,7,908,53,78,41,1,3,1
119,7,903,52,82,39,1,3,1
120,7,898,51,78,38,1,3,1
121,7,894,49,78,38,1,3,1
122,7,889,47,79,38,1,3,1
123,7,883,45,79,38,1,3,1
124,7,879,44,79,38,1,3,1
125,7,874,41,79,38,1,3,1
126,7,870,40,79,38,1,3,1
127,7,865,39,79,37,1,3,1
128,7,861,38,79,36,1,3,1
129,7,856,36,80,37,1,3,1
130,7,851,34,78,37,1,3,1
131,7,847,33,78,35,1,3,1
132,7,842,31,78,35,1,3,1
133,7,837,30,78,35,1,3,1
134,7,833,29,79,34,1,3,1
135,7,828,28,79,33,1,3,1
136,7,823,28,81,31,1,3,1
137,7,818,28,81,29,1,3,1
138,7,815,28,80,25,1,3,1
139,7,809,28,80,24,1,3,1
140,7,805,28,80,21,1,3,1
141,7,801,28,80,19,1,3,1
142,7,796,28,80,17,1,3,1
143,7,792,28,80,19,1,3,1
144,7,786,28,78,17,1,3,1
145,7,784,28,77,15,1,3,1
146,7,793,28,63,13,1,3,1
147,7,787,28,63,12,1,3,1
148,7,816,28,32,12,1,3,1
149,7,813,28,28,10,1,3,1
150,7,813,28,23,9,1,3,1
151,7,811,28,21,8,1,3,1
152,7,807,28,20,7,1,3,1
153,7,802,28,20,5,1,3,1
117,8,1016,127,93,52,1,3,1
118,8,1010,124,93,52,1,3,1
119,8,1001,121,93,52,1,3,1
120,8,994,117,93,52,1,3,1
121,8,984,113,93,52,1,3,1
122,8,976,110,93,52,1,3,1
123,8,968,107,92,51,1,3,1
124,8,960,103,92,51,1,3,1
125,8,951,99,92,51,1,3,1
126,8,943,96,92,50,1,3,1
127,8,934,93,92,50,1,3,1
128,8,925,89,93,50,1,3,1
129,8,917,87,92,48,1,3,1
130,8,909,83,91,48,1,3,1
131,8,899,79,91,48,1,3,1
132,8,890,76,91,48,1,3,1
133,8,881,73,91,47,1,3,1
134,8,872,71,92,46,1,3,1
135,8,863,68,92,46,1,3,1
136,8,856,64,91,46,1,3,1
137,8,847,61,91,46,1,3,1
138,8,838,55,91,48,1,3,1
139,8,829,55,92,45,1,3,1
140,8,820,52,93,45,1,3,1
141,8,811,49,93,45,1,3,1
142,8,803,46,93,45,1,3,1
143,8,795,44,93,44,1,3,1
144,8,785,41,93,43,1,3,1
145,8,776,39,94,42,1,3,1
146,8,768,36,93,42,1,3,1
147,8,759,33,93,42,1,3,1
148,8,751,30,92,41,1,3,1
149,8,743,28,91,40,1,3,1
150,8,735,28,90,37,1,3,1
151,8,727,28,90,35,1,3,1
152,8,719,28,90,32,1,3,1
153,8,710,28,91,29,1,3,1
154,8,702,28,91,27,1,3,1
155,8,693,28,92,24,1,3,1
156,8,684,28,92,22,1,3,1
157,8,682,28,86,19,1,3,1
158,8,674,28,86,17,1,3,1
159,8,683,28,68,15,1,3,1
160,8,676,28,66,13,1,3,1
161,8,676,28,57,11,1,3,1
162,8,684,28,39,8,1,3,1
163,8,681,28,29,6,1,3,1
164,8,674,28,14,4,1,3,1
190,9,1016,105,81,53,1,3,1
191,9,1008,104,81,53,1,3,1
192,9,1000,103,81,52,1,3,1
193,9,992,98,81,52,1,3,1
194,9,984,95,81,52,1,3,1
195,9,976,90,81,52,1,3,1
196,9,968,88,81,51,1,3,1
197,9,960,85,81,50,1,3,1
198,9,951,82,81,49,1,3,1
199,9,943,79,81,49,1,3,1
200,9,935,75,81,47,1,3,1
201,9,926,71,82,48,1,3,1
202,9,915,67,85,47,1,3,1
203,9,907,64,85,47,1,3,1
204,9,899,64,85,44,1,3,1
205,9,891,60,85,44,1,3,1
206,9,882,56,86,44,1,3,1
207,9,875,54,85,43,1,3,1
208,9,866,50,86,44,1,3,1
209,9,857,47,87,43,1,3,1
210,9,849,45,87,43,1,3,1
211,9,840,41,87,44,1,3,1
212,9,832,38,87,44,1,3,1
213,9,824,36,87,43,1,3,1
214,9,815,32,87,44,1,3,1
215,9,807,29,86,44,1,3,1
216,9,799,28,86,42,1,3,1
217,9,791,28,87,39,1,3,1
218,9,783,28,87,36,1,3,1
219,9,775,28,87,33,1,3,1
220,9,767,28,87,30,1,3,1
221,9,758,28,87,28,1,3,1
222,9,754,28,81,25,1,3,1
223,9,746,28,80,21,1,3,1
224,9,739,28,79,19,1,3,1
225,9,735,28,75,17,1,3,1
226,9,742,28,60,14,1,3,1
227,9,748,28,46,11,1,3,1
228,9,743,28,43,9,1,3,1
229,9,746,28,32,7,1,3,1
230,9,739,28,25,5,1,3,1
221,10,1012,109,79,49,1,3,1
222,10,1002,103,79,49,1,3,1
223,10,992,99,79,50,1,3,1
224,10,984,96,79,49,1,3,1
225,10,975,93,79,47,1,3,1
226,10,966,88,79,48,1,3,1
227,10,954,84,81,48,1,3,1
228,10,944,79,81,48,1,3,1
229,10,937,77,80,44,1,3,1
230,10,928,73,79,45,1,3,1
231,10,919,71,76,42,1,3,1
232,10,908,67,78,42,1,3,1
233,10,898,64,78,42,1,3,1
234,10,890,60,78,42,1,3,1
235,10,880,56,80,42,1,3,1
236,10,871,52,81,43,1,3,1
237,10,863,48,81,43,1,3,1
238,10,854,46,82,42,1,3,1
239,10,844,42,82,42,1,3,1
240,10,834,39,79,42,1,3,1
241,10,824,35,80,42,1,3,1
242,10,815,32,81,41,1,3,1
243,10,807,30,81,41,1,3,1
244,10,799,28,80,40,1,3,1
245,10,791,28,78,36,1,3,1
246,10,783,28,76,33,1,3,1
247,10,774,28,76,30,1,3,1
248,10,764,28,77,26,1,3,1
249,10,753,28,79,24,1,3,1
250,10,745,28,79,21,1,3,1
251,10,742,28,74,18,1,3,1
252,10,745,28,63,15,1,3,1
253,10,741,28,59,12,1,3,1
254,10,741,28,50,10,1,3,1
255,10,740,28,42,7,1,3,1
256,10,743,28,25,5,1,3,1
257,10,734,28,14,3,1,3,1
1,11,-29,543,31,93,1,3,1
2,11,-29,543,31,93,1,3,1
3,11,-29,543,31,93,1,3,1
4,11,-29,543,31,93,1,3,1
5,11,-29,543,31,93,1,3,1
6,11,-29,543,31,93,1,3,1
7,11,-29,543,31,93,1,3,1
8,11,-29,543,31,93,1,3,1
9,11,-29,543,31,93,1,3,1
10,11,-29,543,31,93,1,3,1
11,11,-29,543,31,93,1,3,1
12,11,-29,543,31,93,1,3,1
13,11,-29,543,31,93,1,3,1
14,11,-29,543,31,93,1,3,1
15,11,-29,543,31,93,1,3,1
16,11,-29,543,31,93,1,3,1
17,11,-29,543,31,93,1,3,1
18,11,-29,543,31,93,1,3,1
19,11,-29,543,31,93,1,3,1
20,11,-29,543,31,93,1,3,1
21,11,-29,543,31,93,1,3,1
22,11,-29,543,31,93,1,3,1
23,11,-29,543,31,93,1,3,1
24,11,-29,543,31,93,1,3,1
25,11,-29,543,31,93,1,3,1
26,11,-29,543,31,93,1,3,1
27,11,-29,543,31,93,1,3,1
28,11,-29,543,31,93,1,3,1
29,11,-29,543,31,93,1,3,1
30,11,-29,543,31,93,1,3,1
31,11,-29,543,31,93,1,3,1
32,11,-29,543,31,93,1,3,1
33,11,-29,543,31,93,1,3,1
34,11,-29,543,31,93,1,3,1
35,11,-29,543,31,93,1,3,1
36,11,-29,543,31,93,1,3,1
37,11,-29,543,31,93,1,3,1
38,11,-28,543,31,93,1,3,1
39,11,-28,543,31,93,1,3,1
40,11,-28,543,31,93,1,3,1
41,11,-28,543,31,93,1,3,1
42,11,-28,543,31,93,1,3,1
43,11,-28,543,31,93,1,3,1
44,11,-28,543,31,93,1,3,1
45,11,-28,543,31,93,1,3,1
46,11,-28,543,31,93,1,3,1
47,11,-28,543,31,93,1,3,1
48,11,-28,543,31,93,1,3,1
49,11,-28,543,31,93,1,3,1
50,11,-28,543,31,93,1,3,1
51,11,-28,543,31,93,1,3,1
52,11,-28,543,31,93,1,3,1
53,11,-28,543,31,93,1,3,1
54,11,-28,543,31,93,1,3,1
55,11,-28,543,31,93,1,3,1
56,11,-28,543,31,93,1,3,1
57,11,-28,543,31,93,1,3,1
58,11,-28,543,31,93,1,3,1
59,11,-28,543,31,93,1,3,1
60,11,-28,543,31,93,1,3,1
61,11,-28,543,31,93,1,3,1
62,11,-28,543,31,93,1,3,1
63,11,-28,542,31,93,1,3,1
64,11,-28,542,31,93,1,3,1
65,11,-28,542,31,93,1,3,1
66,11,-28,542,31,93,1,3,1
67,11,-28,542,31,93,1,3,1
68,11,-28,542,31,93,1,3,1
69,11,-28,542,31,93,1,3,1
70,11,-28,542,31,93,1,3,1
71,11,-28,542,31,93,1,3,1
72,11,-28,542,31,93,1,3,1
73,11,-27,542,31,93,1,3,1
74,11,-27,542,31,93,1,3,1
75,11,-27,541,31,93,1,3,1
76,11,-27,541,31,93,1,3,1
77,11,-27,541,31,93,1,3,1
78,11,-26,541,31,93,1,3,1
79,11,-26,541,31,93,1,3,1
80,11,-25,541,31,93,1,3,1
81,11,-25,541,31,93,1,3,1
82,11,-25,540,31,93,1,3,1
83,11,-25,540,31,93,1,3,1
84,11,-25,540,31,93,1,3,1
85,11,-25,540,31,93,1,3,1
86,11,-24,540,31,93,1,3,1
87,11,-24,540,31,93,1,3,1
88,11,-24,540,31,93,1,3,1
89,11,-24,539,31,93,1,3,1
90,11,-24,539,31,93,1,3,1
91,11,-24,539,31,93,1,3,1
92,11,-24,539,31,93,1,3,1
93,11,-23,539,31,93,1,3,1
94,11,-23,539,31,93,1,3,1
95,11,-23,539,31,93,1,3,1
96,11,-23,538,31,93,1,3,1
97,11,-23,538,31,93,1,3,1
98,11,-23,538,31,93,1,3,1
99,11,-23,538,31,93,1,3,1
100,11,-23,538,31,93,1,3,1
101,11,-23,538,31,93,1,3,1
102,11,-23,538,31,93,1,3,1
103,11,-23,538,31,93,1,3,1
104,11,-23,538,31,93,1,3,1
105,11,-22,538,31,93,1,3,1
106,11,-22,538,31,93,1,3,1
107,11,-22,538,31,93,1,3,1
108,11,-22,538,31,93,1,3,1
109,11,-22,537,31,93,1,3,1
110,11,-22,537,31,93,1,3,1
111,11,-22,537,31,93,1,3,1
112,11,-22,537,31,93,1,3,1
113,11,-22,537,31,93,1,3,1
114,11,-22,537,31,93,1,3,1
115,11,-22,537,31,93,1,3,1
116,11,-21,537,31,93,1,3,1
117,11,-21,537,31,93,1,3,1
118,11,-21,537,31,93,1,3,1
119,11,-21,537,31,93,1,3,1
120,11,-21,537,31,93,1,3,1
121,11,-21,537,31,93,1,3,1
122,11,-21,536,31,93,1,3,1
123,11,-21,536,31,93,1,3,1
124,11,-21,536,31,93,1,3,1
125,11,-21,536,31,93,1,3,1
126,11,-21,536,31,93,1,3,1
127,11,-20,536,31,93,1,3,1
128,11,-20,536,31,93,1,3,1
129,11,-20,536,31,93,1,3,1
130,11,-20,536,31,93,1,3,1
131,11,-20,536,31,93,1,3,1
132,11,-20,536,31,93,1,3,1
133,11,-20,535,31,93,1,3,1
134,11,-20,535,31,93,1,3,1
135,11,-20,535,31,93,1,3,1
136,11,-20,535,31,93,1,3,1
137,11,-20,535,31,93,1,3,1
138,11,-19,535,31,93,1,3,1
139,11,-19,535,31,93,1,3,1
140,11,-19,535,31,93,1,3,1
141,11,-19,535,31,93,1,3,1
142,11,-19,534,31,93,1,3,1
143,11,-19,534,31,93,1,3,1
144,11,-19,534,31,93,1,3,1
145,11,-19,534,31,93,1,3,1
146,11,-19,534,31,93,1,3,1
147,11,-19,534,31,93,1,3,1
148,11,-19,534,31,93,1,3,1
149,11,-19,534,31,93,1,3,1
150,11,-19,534,31,93,1,3,1
151,11,-19,534,31,93,1,3,1
152,11,-19,534,31,93,1,3,1
153,11,-18,534,31,93,1,3,1
154,11,-18,534,31,93,1,3,1
155,11,-18,534,31,93,1,3,1
156,11,-18,534,31,93,1,3,1
157,11,-18,534,31,93,1,3,1
158,11,-18,533,31,93,1,3,1
159,11,-18,533,31,93,1,3,1
160,11,-18,533,31,93,1,3,1
161,11,-18,533,31,93,1,3,1
162,11,-18,533,31,93,1,3,1
163,11,-17,533,31,93,1,3,1
164,11,-17,533,31,93,1,3,1
165,11,-17,533,31,93,1,3,1
166,11,-17,533,31,93,1,3,1
167,11,-17,532,31,93,1,3,1
168,11,-17,532,31,93,1,3,1
169,11,-17,532,31,93,1,3,1
170,11,-17,532,31,93,1,3,1
171,11,-17,532,31,93,1,3,1
172,11,-16,532,31,93,1,3,1
173,11,-16,532,31,93,1,3,1
174,11,-16,532,31,93,1,3,1
175,11,-16,532,31,93,1,3,1
176,11,-16,531,31,93,1,3,1
177,11,-16,531,31,93,1,3,1
178,11,-16,531,31,93,1,3,1
179,11,-16,531,31,93,1,3,1
180,11,-16,531,31,93,1,3,1
181,11,-15,531,31,93,1,3,1
182,11,-15,531,31,93,1,3,1
183,11,-15,531,31,93,1,3,1
184,11,-15,531,31,93,1,3,1
185,11,-15,531,31,93,1,3,1
186,11,-15,531,31,93,1,3,1
187,11,-15,531,31,93,1,3,1
188,11,-15,531,31,93,1,3,1
189,11,-15,531,31,93,1,3,1
190,11,-15,531,31,93,1,3,1
191,11,-15,530,31,93,1,3,1
192,11,-15,530,31,93,1,3,1
193,11,-15,530,31,93,1,3,1
194,11,-15,530,31,93,1,3,1
195,11,-14,530,31,93,1,3,1
196,11,-14,530,31,93,1,3,1
197,11,-14,530,31,93,1,3,1
198,11,-14,530,31,93,1,3,1
199,11,-14,530,31,93,1,3,1
200,11,-14,530,31,93,1,3,1
201,11,-14,530,31,93,1,3,1
202,11,-14,530,31,93,1,3,1
203,11,-14,530,31,93,1,3,1
204,11,-14,530,31,93,1,3,1
205,11,-14,530,31,93,1,3,1
206,11,-14,530,31,93,1,3,1
207,11,-14,530,31,93,1,3,1
208,11,-13,529,31,93,1,3,1
209,11,-13,529,31,93,1,3,1
210,11,-13,529,31,93,1,3,1
211,11,-13,529,31,93,1,3,1
212,11,-13,529,31,93,1,3,1
213,11,-13,529,31,93,1,3,1
214,11,-13,529,31,93,1,3,1
215,11,-13,529,31,93,1,3,1
216,11,-13,529,31,93,1,3,1
217,11,-13,529,31,93,1,3,1
218,11,-13,528,31,93,1,3,1
219,11,-13,528,31,93,1,3,1
220,11,-13,528,31,93,1,3,1
221,11,-13,528,31,93,1,3,1
222,11,-13,528,31,93,1,3,1
223,11,-13,528,31,93,1,3,1
224,11,-13,528,31,93,1,3,1
225,11,-13,527,31,93,1,3,1
226,11,-13,527,31,93,1,3,1
227,11,-13,527,31,93,1,3,1
228,11,-13,527,31,93,1,3,1
229,11,-13,527,31,93,1,3,1
230,11,-13,527,31,93,1,3,1
231,11,-13,527,31,93,1,3,1
232,11,-13,527,31,93,1,3,1
233,11,-12,527,31,93,1,3,1
234,11,-12,527,31,93,1,3,1
235,11,-12,527,31,93,1,3,1
236,11,-12,527,31,93,1,3,1
237,11,-12,526,31,93,1,3,1
238,11,-12,526,31,93,1,3,1
239,11,-12,526,31,93,1,3,1
240,11,-12,526,31,93,1,3,1
241,11,-12,525,31,93,1,3,1
242,11,-12,525,31,93,1,3,1
243,11,-12,525,31,93,1,3,1
244,11,-11,525,31,93,1,3,1
245,11,-11,525,31,93,1,3,1
246,11,-11,525,31,93,1,3,1
247,11,-11,524,31,93,1,3,1
248,11,-11,524,31,93,1,3,1
249,11,-11,524,31,93,1,3,1
250,11,-11,523,31,93,1,3,1
251,11,-11,523,31,93,1,3,1
252,11,-11,523,31,93,1,3,1
253,11,-11,523,31,93,1,3,1
254,11,-11,523,31,93,1,3,1
255,11,-11,523,31,93,1,3,1
256,11,-11,522,31,93,1,3,1
257,11,-11,522,31,93,1,3,1
258,11,-11,522,31,93,1,3,1
259,11,-11,522,31,93,1,3,1
260,11,-10,522,31,93,1,3,1
261,11,-10,522,31,93,1,3,1
262,11,-10,522,31,93,1,3,1
263,11,-10,522,31,93,1,3,1
264,11,-10,522,31,93,1,3,1
265,11,-10,522,31,93,1,3,1
266,11,-10,521,31,93,1,3,1
267,11,-10,521,31,93,1,3,1
268,11,-10,521,31,93,1,3,1
269,11,-9,521,31,93,1,3,1
270,11,-9,521,31,93,1,3,1
271,11,-9,521,31,93,1,3,1
272,11,-9,521,31,93,1,3,1
273,11,-9,521,31,93,1,3,1
274,11,-9,520,31,93,1,3,1
275,11,-9,520,31,93,1,3,1
276,11,-9,520,31,93,1,3,1
277,11,-9,520,31,93,1,3,1
278,11,-8,520,31,93,1,3,1
279,11,-8,520,31,93,1,3,1
280,11,-8,520,31,93,1,3,1
281,11,-8,520,31,93,1,3,1
282,11,-8,519,31,93,1,3,1
283,11,-8,519,31,93,1,3,1
284,11,-8,519,31,93,1,3,1
285,11,-8,519,31,93,1,3,1
286,11,-7,519,31,93,1,3,1
287,11,-7,519,31,93,1,3,1
288,11,-7,519,31,93,1,3,1
289,11,-7,518,31,93,1,3,1
290,11,-7,518,31,93,1,3,1
291,11,-7,518,31,93,1,3,1
292,11,-6,518,31,93,1,3,1
293,11,-6,518,31,93,1,3,1
294,11,-6,517,31,93,1,3,1
295,11,-6,517,31,93,1,3,1
296,11,-6,517,31,93,1,3,1
297,11,-6,517,31,93,1,3,1
298,11,-6,517,31,93,1,3,1
299,11,-6,517,31,93,1,3,1
300,11,-6,517,31,93,1,3,1
301,11,-5,517,31,93,1,3,1
302,11,-5,517,31,93,1,3,1
303,11,-5,517,31,93,1,3,1
304,11,-5,516,31,93,1,3,1
305,11,-5,516,31,93,1,3,1
306,11,-5,516,31,93,1,3,1
307,11,-4,516,31,93,1,3,1
308,11,-4,516,31,93,1,3,1
309,11,-4,516,31,93,1,3,1
310,11,-4,515,31,93,1,3,1
311,11,-4,515,31,93,1,3,1
312,11,-3,515,31,93,1,3,1
313,11,-3,515,31,93,1,3,1
314,11,-3,515,31,93,1,3,1
315,11,-3,515,31,93,1,3,1
316,11,-3,515,31,93,1,3,1
317,11,-3,514,31,93,1,3,1
318,11,-3,514,31,93,1,3,1
319,11,-2,514,31,93,1,3,1
320,11,-2,514,31,93,1,3,1
321,11,-2,514,31,93,1,3,1
322,11,-2,514,31,93,1,3,1
323,11,-2,513,31,93,1,3,1
324,11,-2,513,31,93,1,3,1
325,11,-2,513,31,93,1,3,1
326,11,-2,513,31,93,1,3,1
327,11,-1,513,31,93,1,3,1
328,11,-1,512,31,93,1,3,1
329,11,-1,512,31,93,1,3,1
330,11,-1,512,31,93,1,3,1
331,11,-1,512,31,93,1,3,1
332,11,-1,512,31,93,1,3,1
333,11,-1,511,31,93,1,3,1
334,11,-1,511,31,93,1,3,1
335,11,-1,511,31,93,1,3,1
336,11,0,511,31,93,1,3,1
337,11,0,511,31,93,1,3,1
338,11,0,511,31,93,1,3,1
339,11,0,511,31,93,1,3,1
340,11,0,511,31,93,1,3,1
341,11,0,511,31,93,1,3,1
1,19,352,29,88,47,1,3,1
1,20,1019,53,5,10,1,8,1
1,21,905,69,87,50,1,3,1
